#TLB experiment
#	page size = 64 bytes
#	max number of pages = 4096
#	total number of references = 10 Mi
#pages	 proc	 sum
4	 0.01111	 10485760
6	 0.00497	 10485756
8	 0.00451	 10485760
10	 0.00458	 10485760
12	 0.00439	 10485756
14	 0.00407	 10485748
16	 0.00398	 10485760
18	 0.00406	 10485756
20	 0.00413	 10485760
22	 0.00409	 10485750
24	 0.00404	 10485744
26	 0.00393	 10485748
28	 0.00447	 10485748
30	 0.00410	 10485750
32	 0.00391	 10485760
34	 0.00397	 10485736
36	 0.00778	 10485756
38	 0.00475	 10485758
40	 0.00831	 10485760
42	 0.00799	 10485720
44	 0.00842	 10485728
46	 0.00394	 10485746
48	 0.00401	 10485744
50	 0.00406	 10485750
52	 0.00442	 10485748
54	 0.00427	 10485720
56	 0.00414	 10485720
58	 0.00403	 10485704
60	 0.00430	 10485720
62	 0.00406	 10485750
64	 0.00412	 10485760
66	 0.00410	 10485750
68	 0.00420	 10485736
70	 0.00411	 10485720
72	 0.00415	 10485720
74	 0.00411	 10485726
76	 0.00548	 10485720
78	 0.00546	 10485696
80	 0.00530	 10485760
82	 0.00548	 10485750
84	 0.00536	 10485720
86	 0.00544	 10485722
88	 0.00565	 10485728
90	 0.00416	 10485720
92	 0.00428	 10485700
94	 0.00429	 10485700
96	 0.00517	 10485696
98	 0.00536	 10485706
100	 0.00508	 10485700
102	 0.00516	 10485702
104	 0.00512	 10485696
106	 0.00514	 10485732
108	 0.00525	 10485720
110	 0.00521	 10485750
112	 0.00515	 10485664
114	 0.00531	 10485720
116	 0.00512	 10485704
118	 0.00518	 10485716
120	 0.00542	 10485720
122	 0.00510	 10485656
124	 0.00516	 10485688
126	 0.00516	 10485720
128	 0.00515	 10485760
130	 0.00503	 10485670
132	 0.00512	 10485684
134	 0.00517	 10485634
136	 0.00506	 10485736
138	 0.00497	 10485654
140	 0.00503	 10485720
142	 0.00496	 10485706
144	 0.00497	 10485648
146	 0.00507	 10485720
148	 0.00498	 10485652
150	 0.00496	 10485750
152	 0.00498	 10485720
154	 0.00500	 10485706
156	 0.00503	 10485696
158	 0.00495	 10485670
160	 0.00489	 10485760
162	 0.00493	 10485612
164	 0.00489	 10485668
166	 0.00506	 10485722
168	 0.00496	 10485720
170	 0.00498	 10485600
172	 0.00494	 10485636
174	 0.00499	 10485588
176	 0.00494	 10485728
178	 0.00498	 10485624
180	 0.00493	 10485720
182	 0.00487	 10485748
184	 0.00499	 10485608
186	 0.00489	 10485750
188	 0.00503	 10485700
190	 0.00482	 10485720
192	 0.00496	 10485696
194	 0.00494	 10485700
196	 0.00499	 10485608
198	 0.00486	 10485684
200	 0.00498	 10485600
202	 0.00479	 10485618
204	 0.00483	 10485600
206	 0.00481	 10485606
208	 0.00505	 10485696
210	 0.00534	 10485720
212	 0.00487	 10485732
214	 0.00490	 10485572
216	 0.00511	 10485720
218	 0.00551	 10485582
220	 0.00576	 10485640
222	 0.00483	 10485726
224	 0.00493	 10485664
226	 0.00497	 10485722
228	 0.00502	 10485720
230	 0.00486	 10485700
232	 0.00495	 10485704
234	 0.00490	 10485540
236	 0.00482	 10485716
238	 0.00498	 10485566
240	 0.00507	 10485600
242	 0.00490	 10485618
244	 0.00493	 10485656
246	 0.00501	 10485750
248	 0.00485	 10485688
250	 0.00484	 10485750
252	 0.00479	 10485720
254	 0.00485	 10485628
256	 0.00489	 10485760
258	 0.00477	 10485636
260	 0.00499	 10485540
262	 0.00474	 10485502
264	 0.00487	 10485552
266	 0.00490	 10485720
268	 0.00491	 10485500
270	 0.00499	 10485720
272	 0.00480	 10485600
274	 0.00494	 10485706
276	 0.00477	 10485516
278	 0.00485	 10485604
280	 0.00517	 10485720
282	 0.00490	 10485606
284	 0.00487	 10485564
286	 0.00481	 10485618
288	 0.00477	 10485504
290	 0.00479	 10485530
292	 0.00488	 10485720
294	 0.00488	 10485510
296	 0.00486	 10485504
298	 0.00483	 10485726
300	 0.00489	 10485600
302	 0.00494	 10485742
304	 0.00483	 10485568
306	 0.00474	 10485702
308	 0.00491	 10485552
310	 0.00471	 10485750
312	 0.00491	 10485696
314	 0.00482	 10485716
316	 0.00476	 10485512
318	 0.00480	 10485732
320	 0.00476	 10485760
322	 0.00490	 10485608
324	 0.00485	 10485612
326	 0.00483	 10485464
328	 0.00482	 10485504
330	 0.00489	 10485750
332	 0.00469	 10485556
334	 0.00478	 10485596
336	 0.00479	 10485552
338	 0.00469	 10485436
340	 0.00487	 10485600
342	 0.00477	 10485720
344	 0.00491	 10485464
346	 0.00478	 10485530
348	 0.00524	 10485588
350	 0.00497	 10485650
352	 0.00489	 10485728
354	 0.00490	 10485480
356	 0.00499	 10485624
358	 0.00487	 10485462
360	 0.00486	 10485720
362	 0.00491	 10485692
364	 0.00487	 10485748
366	 0.00489	 10485534
368	 0.00483	 10485424
370	 0.00493	 10485430
372	 0.00498	 10485564
374	 0.00486	 10485464
376	 0.00492	 10485512
378	 0.00489	 10485720
380	 0.00509	 10485720
382	 0.00489	 10485518
384	 0.00492	 10485504
386	 0.00489	 10485690
388	 0.00486	 10485700
390	 0.00490	 10485540
392	 0.00525	 10485608
394	 0.00720	 10485522
396	 0.00495	 10485684
398	 0.00497	 10485708
400	 0.00486	 10485600
402	 0.00493	 10485366
404	 0.00488	 10485416
406	 0.00491	 10485356
408	 0.00496	 10485600
410	 0.00492	 10485750
412	 0.00514	 10485400
414	 0.00485	 10485378
416	 0.00495	 10485696
418	 0.00486	 10485530
420	 0.00493	 10485720
422	 0.00510	 10485434
424	 0.00494	 10485520
426	 0.00496	 10485564
428	 0.00493	 10485572
430	 0.00492	 10485550
432	 0.00496	 10485504
434	 0.00488	 10485440
436	 0.00491	 10485364
438	 0.00484	 10485720
440	 0.00486	 10485640
442	 0.00498	 10485566
444	 0.00515	 10485504
446	 0.00482	 10485460
448	 0.00498	 10485440
450	 0.00496	 10485450
452	 0.00487	 10485496
454	 0.00483	 10485584
456	 0.00489	 10485720
458	 0.00485	 10485452
460	 0.00485	 10485700
462	 0.00482	 10485552
464	 0.00493	 10485472
466	 0.00483	 10485466
468	 0.00490	 10485540
470	 0.00496	 10485700
472	 0.00503	 10485480
474	 0.00486	 10485354
476	 0.00517	 10485328
478	 0.00475	 10485408
480	 0.00474	 10485600
482	 0.00479	 10485428
484	 0.00488	 10485376
486	 0.00470	 10485450
488	 0.00477	 10485656
490	 0.00494	 10485510
492	 0.00479	 10485504
494	 0.00460	 10485644
496	 0.00491	 10485440
498	 0.00495	 10485390
500	 0.00476	 10485500
502	 0.00474	 10485274
504	 0.00499	 10485720
506	 0.00478	 10485332
508	 0.00479	 10485628
510	 0.00511	 10485600
512	 0.00497	 10485760
514	 0.00487	 10485600
516	 0.00475	 10485636
518	 0.00492	 10485356
520	 0.00485	 10485280
522	 0.00482	 10485414
524	 0.00494	 10485240
526	 0.00478	 10485284
528	 0.00488	 10485552
530	 0.00491	 10485520
532	 0.00488	 10485720
534	 0.00492	 10485624
536	 0.00480	 10485232
538	 0.00492	 10485620
540	 0.00481	 10485720
542	 0.00515	 10485532
544	 0.00522	 10485600
546	 0.00528	 10485384
548	 0.00543	 10485432
550	 0.00561	 10485750
552	 0.00548	 10485240
554	 0.00553	 10485558
556	 0.00564	 10485604
558	 0.00567	 10485378
560	 0.00603	 10485440
562	 0.00625	 10485234
564	 0.00654	 10485324
566	 0.00658	 10485716
568	 0.00637	 10485280
570	 0.00725	 10485720
572	 0.00695	 10485332
574	 0.00681	 10485258
576	 0.00711	 10485504
578	 0.00691	 10485498
580	 0.00713	 10485240
582	 0.00713	 10485312
584	 0.00685	 10485720
586	 0.00722	 10485298
588	 0.00732	 10485216
590	 0.00696	 10485480
592	 0.00731	 10485504
594	 0.00709	 10485288
596	 0.00718	 10485428
598	 0.00698	 10485332
600	 0.00712	 10485600
602	 0.00689	 10485636
604	 0.00744	 10485440
606	 0.00765	 10485618
608	 0.00719	 10485568
610	 0.00700	 10485290
612	 0.00721	 10485396
614	 0.00690	 10485278
616	 0.00723	 10485552
618	 0.00668	 10485606
620	 0.00724	 10485440
622	 0.00696	 10485676
624	 0.00727	 10485696
626	 0.00715	 10485500
628	 0.00705	 10485716
630	 0.00685	 10485720
632	 0.00712	 10485512
634	 0.00725	 10485726
636	 0.00710	 10485732
638	 0.00692	 10485530
640	 0.00693	 10485760
642	 0.00721	 10485144
644	 0.00707	 10485608
646	 0.00716	 10485226
648	 0.00669	 10485288
650	 0.00725	 10485150
652	 0.00728	 10485464
654	 0.00701	 10485582
656	 0.00666	 10485504
658	 0.00716	 10485230
660	 0.00684	 10485420
662	 0.00756	 10485418
664	 0.00696	 10485224
666	 0.00709	 10485504
668	 0.00718	 10485596
670	 0.00688	 10485500
672	 0.00681	 10485216
674	 0.00730	 10485418
676	 0.00734	 10485436
678	 0.00694	 10485270
680	 0.00744	 10485600
682	 0.00714	 10485750
684	 0.00744	 10485720
686	 0.00720	 10485510
688	 0.00693	 10485120
690	 0.00672	 10485240
692	 0.00709	 10485184
694	 0.00728	 10485646
696	 0.00717	 10485240
698	 0.00715	 10485356
700	 0.00736	 10485300
702	 0.00713	 10485072
704	 0.00749	 10485376
706	 0.00718	 10485512
708	 0.00728	 10485480
710	 0.00718	 10485280
712	 0.00744	 10485624
714	 0.00728	 10485090
716	 0.00726	 10485104
718	 0.00718	 10485672
720	 0.00674	 10485360
722	 0.00686	 10485606
724	 0.00753	 10485692
726	 0.00760	 10485618
728	 0.00747	 10485384
730	 0.00722	 10485720
732	 0.00665	 10485168
734	 0.00696	 10485190
736	 0.00714	 10485056
738	 0.00679	 10485504
740	 0.00715	 10485060
742	 0.00706	 10485202
744	 0.00713	 10485192
746	 0.00689	 10485030
748	 0.00715	 10485464
750	 0.00716	 10485750
752	 0.00759	 10485136
754	 0.00654	 10485124
756	 0.00684	 10485720
758	 0.00712	 10485414
760	 0.00717	 10485720
762	 0.00670	 10485120
764	 0.00739	 10485136
766	 0.00711	 10485008
768	 0.00731	 10485504
770	 0.00704	 10485090
772	 0.00745	 10485304
774	 0.00691	 10485378
776	 0.00686	 10485312
778	 0.00718	 10485106
780	 0.00690	 10485540
782	 0.00719	 10485056
784	 0.00697	 10485216
786	 0.00702	 10485240
788	 0.00690	 10485128
790	 0.00702	 10485670
792	 0.00704	 10485288
794	 0.00723	 10485564
796	 0.00679	 10485708
798	 0.00692	 10485720
800	 0.00688	 10485600
802	 0.00692	 10485348
804	 0.00667	 10484964
806	 0.00717	 10485254
808	 0.00717	 10485416
810	 0.00669	 10485450
812	 0.00674	 10485356
814	 0.00724	 10485134
816	 0.00679	 10485600
818	 0.00668	 10485124
820	 0.00699	 10485340
822	 0.00698	 10485432
824	 0.00712	 10485400
826	 0.00725	 10485244
828	 0.00686	 10484964
830	 0.00711	 10485390
832	 0.00706	 10485696
834	 0.00677	 10485048
836	 0.00722	 10485112
838	 0.00709	 10485056
840	 0.00705	 10485720
842	 0.00723	 10485426
844	 0.00690	 10485012
846	 0.00703	 10485324
848	 0.00726	 10485520
850	 0.00728	 10485600
852	 0.00723	 10485564
854	 0.00741	 10485412
856	 0.00706	 10485144
858	 0.00700	 10485618
860	 0.00720	 10485120
862	 0.00705	 10485368
864	 0.00717	 10485504
866	 0.00696	 10485528
868	 0.00716	 10485440
870	 0.00736	 10485240
872	 0.00733	 10484928
874	 0.00731	 10485378
876	 0.00729	 10485720
878	 0.00727	 10485076
880	 0.00683	 10485200
882	 0.00744	 10485216
884	 0.00762	 10485124
886	 0.00736	 10484924
888	 0.00760	 10485504
890	 0.00714	 10485090
892	 0.00653	 10485460
894	 0.00740	 10485726
896	 0.00736	 10484992
898	 0.00736	 10485048
900	 0.00736	 10485000
902	 0.00703	 10485750
904	 0.00718	 10485496
906	 0.00737	 10485138
908	 0.00733	 10485584
910	 0.00718	 10485020
912	 0.00717	 10485264
914	 0.00761	 10485408
916	 0.00735	 10485452
918	 0.00740	 10485396
920	 0.00703	 10485240
922	 0.00709	 10484984
924	 0.01979	 10485552
926	 0.00724	 10485098
928	 0.00725	 10485472
930	 0.00698	 10485750
932	 0.00740	 10485000
934	 0.00686	 10485084
936	 0.00691	 10485072
938	 0.00775	 10484964
940	 0.00720	 10485700
942	 0.00756	 10485402
944	 0.00740	 10485008
946	 0.00697	 10485464
948	 0.00728	 10484880
950	 0.00762	 10485150
952	 0.00741	 10485328
954	 0.00739	 10485414
956	 0.00728	 10485408
958	 0.00715	 10485310
960	 0.00743	 10485120
962	 0.00724	 10484838
964	 0.00736	 10485428
966	 0.00709	 10484964
968	 0.00720	 10485376
970	 0.00696	 10485700
972	 0.00695	 10484964
974	 0.00731	 10485110
976	 0.00655	 10485168
978	 0.00758	 10485138
980	 0.00736	 10485020
982	 0.00732	 10484814
984	 0.00708	 10485504
986	 0.00698	 10485124
988	 0.00711	 10485644
990	 0.00720	 10485090
992	 0.00727	 10485440
994	 0.00700	 10485706
996	 0.00678	 10484892
998	 0.00769	 10484988
1000	 0.00663	 10485000
1002	 0.00673	 10484928
1004	 0.00756	 10484772
1006	 0.00827	 10485538
1008	 0.00777	 10485216
1010	 0.00689	 10484810
1012	 0.00726	 10485332
1014	 0.00691	 10484760
1016	 0.00732	 10485120
1018	 0.00704	 10485400
1020	 0.00728	 10485600
1022	 0.00714	 10485720
1024	 0.00708	 10485760
1026	 0.00727	 10485720
1028	 0.00747	 10485600
1030	 0.00674	 10485400
1032	 0.00716	 10485120
1034	 0.00741	 10484760
1036	 0.00705	 10485356
1038	 0.00692	 10484838
1040	 0.00734	 10485280
1042	 0.00735	 10485646
1044	 0.00719	 10484892
1046	 0.00737	 10485104
1048	 0.00704	 10485240
1050	 0.00736	 10485300
1052	 0.00717	 10485284
1054	 0.00733	 10485192
1056	 0.00713	 10485024
1058	 0.00717	 10484780
1060	 0.00700	 10485520
1062	 0.00717	 10485126
1064	 0.00736	 10485720
1066	 0.00726	 10485176
1068	 0.00694	 10485624
1070	 0.00706	 10484930
1072	 0.00667	 10485232
1074	 0.00728	 10485462
1076	 0.00720	 10485620
1078	 0.00723	 10485706
1080	 0.00734	 10485720
1082	 0.00729	 10485662
1084	 0.00709	 10485532
1086	 0.00723	 10485330
1088	 0.00706	 10485056
1090	 0.00734	 10484710
1092	 0.00728	 10485384
1094	 0.00714	 10484896
1096	 0.00720	 10485432
1098	 0.00737	 10484802
1100	 0.00722	 10485200
1102	 0.00719	 10485530
1104	 0.00740	 10484688
1106	 0.00718	 10484880
1108	 0.00742	 10485004
1110	 0.00738	 10485060
1112	 0.00713	 10485048
1114	 0.00727	 10484968
1116	 0.00735	 10484820
1118	 0.00729	 10485722
1120	 0.00731	 10485440
1122	 0.00725	 10485090
1124	 0.00742	 10484672
1126	 0.00724	 10485312
1128	 0.00724	 10484760
1130	 0.00744	 10485270
1132	 0.00722	 10485716
1134	 0.00699	 10484964
1136	 0.00722	 10485280
1138	 0.00737	 10485532
1140	 0.00715	 10485720
1142	 0.00723	 10484702
1144	 0.00722	 10484760
1146	 0.00676	 10484754
1148	 0.00713	 10484684
1150	 0.00707	 10485700
1152	 0.00730	 10485504
1154	 0.00691	 10485244
1156	 0.00691	 10484920
1158	 0.00742	 10485690
1160	 0.00744	 10485240
1162	 0.00696	 10484726
1164	 0.00745	 10485312
1166	 0.00741	 10484672
1168	 0.00713	 10485136
1170	 0.00735	 10485540
1172	 0.00713	 10484712
1174	 0.00738	 10484994
1176	 0.00727	 10485216
1178	 0.00725	 10485378
1180	 0.00729	 10485480
1182	 0.00728	 10485522
1184	 0.00729	 10485504
1186	 0.00716	 10485426
1188	 0.00728	 10485288
1190	 0.00732	 10485090
1192	 0.00718	 10484832
1194	 0.00722	 10485708
1196	 0.00716	 10485332
1198	 0.00727	 10484896
1200	 0.00731	 10485600
1202	 0.00713	 10485046
1204	 0.00679	 10485636
1206	 0.00757	 10484964
1208	 0.00730	 10485440
1210	 0.00748	 10484650
1212	 0.00740	 10485012
1214	 0.00760	 10485318
1216	 0.00729	 10485568
1218	 0.00734	 10484544
1220	 0.00743	 10484680
1222	 0.00728	 10484760
1224	 0.00708	 10484784
1226	 0.00746	 10484752
1228	 0.00696	 10484664
1230	 0.00741	 10485750
1232	 0.00771	 10485552
1234	 0.00744	 10485298
1236	 0.00720	 10484988
1238	 0.00735	 10484622
1240	 0.00726	 10485440
1242	 0.00762	 10484964
1244	 0.00750	 10485676
1246	 0.00715	 10485090
1248	 0.00732	 10485696
1250	 0.00730	 10485000
1252	 0.00728	 10485500
1254	 0.00731	 10484694
1256	 0.00730	 10485088
1258	 0.00749	 10485430
1260	 0.00735	 10485720
1262	 0.00744	 10484696
1264	 0.00745	 10484880
1266	 0.00743	 10485012
1268	 0.00747	 10485092
1270	 0.00733	 10485120
1272	 0.00718	 10485096
1274	 0.00741	 10485020
1276	 0.00719	 10484892
1278	 0.00741	 10484712
1280	 0.00720	 10485760
1282	 0.00787	 10485478
1284	 0.00796	 10485144
1286	 0.00754	 10484758
1288	 0.00739	 10485608
1290	 0.00741	 10485120
1292	 0.00710	 10484580
1294	 0.00748	 10485282
1296	 0.00728	 10484640
1298	 0.00754	 10485244
1300	 0.00730	 10484500
1302	 0.00726	 10485006
1304	 0.00696	 10485464
1306	 0.00734	 10484568
1308	 0.00731	 10484928
1310	 0.00764	 10485240
1312	 0.00709	 10485504
1314	 0.00729	 10485720
1316	 0.00728	 10484572
1318	 0.00723	 10484690
1320	 0.00740	 10484760
1322	 0.00755	 10484782
1324	 0.00742	 10484756
1326	 0.00737	 10484682
1328	 0.00739	 10484560
1330	 0.00724	 10485720
1332	 0.00734	 10485504
1334	 0.00737	 10485240
1336	 0.00728	 10484928
1338	 0.00718	 10484568
1340	 0.00734	 10485500
1342	 0.00736	 10485046
1344	 0.00728	 10484544
1346	 0.00722	 10485340
1348	 0.00731	 10484744
1350	 0.00736	 10485450
1352	 0.00720	 10484760
1354	 0.00733	 10485376
1356	 0.00723	 10484592
1358	 0.00738	 10485118
1360	 0.00735	 10485600
1362	 0.00718	 10484676
1364	 0.00735	 10485068
1366	 0.00695	 10485416
1368	 0.00725	 10485720
1370	 0.00733	 10484610
1372	 0.00747	 10484824
1374	 0.00724	 10484994
1376	 0.00730	 10485120
1378	 0.00731	 10485202
1380	 0.00732	 10485240
1382	 0.00722	 10485234
1384	 0.00720	 10485184
1386	 0.00740	 10485090
1388	 0.00714	 10484952
1390	 0.00723	 10484770
1392	 0.00737	 10484544
1394	 0.00743	 10485668
1396	 0.00724	 10485356
1398	 0.00725	 10485000
1400	 0.00702	 10484600
1402	 0.00714	 10485558
1404	 0.00738	 10485072
1406	 0.00738	 10484542
1408	 0.00742	 10485376
1410	 0.00733	 10484760
1412	 0.00739	 10485512
1414	 0.00724	 10484810
1416	 0.00752	 10485480
1418	 0.00709	 10484692
1420	 0.00718	 10485280
1422	 0.00697	 10484406
1424	 0.00732	 10484912
1426	 0.00704	 10485378
1428	 0.00752	 10484376
1430	 0.00745	 10484760
1432	 0.00722	 10485104
1434	 0.00730	 10485408
1436	 0.00715	 10485672
1438	 0.00721	 10484458
1440	 0.00751	 10484640
1442	 0.00727	 10484782
1444	 0.00721	 10484884
1446	 0.00730	 10484946
1448	 0.00733	 10484968
1450	 0.00717	 10484950
1452	 0.00739	 10484892
1454	 0.00739	 10484794
1456	 0.00746	 10484656
1458	 0.00723	 10484478
1460	 0.00731	 10485720
1462	 0.00728	 10485464
1464	 0.00733	 10485168
1466	 0.00738	 10484832
1468	 0.00731	 10484456
1470	 0.00726	 10485510
1472	 0.00734	 10485056
1474	 0.00735	 10484562
1476	 0.00724	 10485504
1478	 0.00747	 10484932
1480	 0.00744	 10484320
1482	 0.00756	 10485150
1484	 0.00754	 10484460
1486	 0.00776	 10485216
1488	 0.00745	 10484448
1490	 0.00745	 10485130
1492	 0.00749	 10484284
1494	 0.00741	 10484892
1496	 0.00772	 10485464
1498	 0.00770	 10484502
1500	 0.00770	 10485000
1502	 0.00778	 10485462
1504	 0.00763	 10484384
1506	 0.00781	 10484772
1508	 0.00777	 10485124
1510	 0.00769	 10485440
1512	 0.00781	 10485720
1514	 0.00779	 10484450
1516	 0.00777	 10484656
1518	 0.00801	 10484826
1520	 0.00791	 10484960
1522	 0.00781	 10485058
1524	 0.00796	 10485120
1526	 0.00780	 10485146
1528	 0.00789	 10485136
1530	 0.00770	 10485090
1532	 0.00794	 10485008
1534	 0.00784	 10484890
1536	 0.00786	 10484736
1538	 0.00778	 10484546
1540	 0.00820	 10484320
1542	 0.00766	 10485600
1544	 0.00788	 10485304
1546	 0.00805	 10484972
1548	 0.00802	 10484604
1550	 0.00777	 10485750
1552	 0.00802	 10485312
1554	 0.00938	 10484838
1556	 0.00816	 10484328
1558	 0.00824	 10485340
1560	 0.00818	 10484760
1562	 0.00782	 10485706
1564	 0.00789	 10485056
1566	 0.00778	 10484370
1568	 0.00782	 10485216
1570	 0.00782	 10484460
1572	 0.00771	 10485240
1574	 0.00770	 10484414
1576	 0.00776	 10485128
1578	 0.00781	 10484232
1580	 0.00764	 10484880
1582	 0.00795	 10485496
1584	 0.00777	 10484496
1586	 0.00782	 10485046
1588	 0.00782	 10485564
1590	 0.00797	 10484460
1592	 0.00795	 10484912
1594	 0.00787	 10485332
1596	 0.00789	 10485720
1598	 0.00795	 10484478
1600	 0.00827	 10484800
1602	 0.00793	 10485090
1604	 0.00790	 10485348
1606	 0.00764	 10485574
1608	 0.00794	 10484160
1610	 0.00776	 10484320
1612	 0.00783	 10484448
1614	 0.00770	 10484544
1616	 0.00802	 10484608
1618	 0.00791	 10484640
1620	 0.00856	 10484640
1622	 0.00783	 10484608
1624	 0.00799	 10484544
1626	 0.00773	 10484448
1628	 0.00796	 10484320
1630	 0.00763	 10484160
1632	 0.00788	 10485600
1634	 0.00800	 10485378
1636	 0.00784	 10485124
1638	 0.00780	 10484838
1640	 0.00809	 10484520
1642	 0.00786	 10484170
1644	 0.00774	 10485432
1646	 0.00782	 10485020
1648	 0.00781	 10484576
1650	 0.00771	 10485750
1652	 0.00783	 10485244
1654	 0.00791	 10484706
1656	 0.00785	 10484136
1658	 0.00792	 10485192
1660	 0.00808	 10484560
1662	 0.00798	 10485558
1664	 0.00781	 10484864
1666	 0.00795	 10484138
1668	 0.00778	 10485048
1670	 0.00812	 10484260
1672	 0.00803	 10485112
1674	 0.00790	 10484262
1676	 0.00783	 10485056
1678	 0.00790	 10484144
1680	 0.00778	 10484880
1682	 0.00788	 10485588
1684	 0.00789	 10484584
1686	 0.00814	 10485234
1688	 0.00795	 10484168
1690	 0.00776	 10484760
1692	 0.00786	 10485324
1694	 0.00794	 10484166
1696	 0.00794	 10484672
1698	 0.00788	 10485150
1700	 0.00773	 10485600
1702	 0.00800	 10484320
1704	 0.00788	 10484712
1706	 0.00779	 10485076
1708	 0.00792	 10485412
1710	 0.00797	 10485720
1712	 0.00795	 10484288
1714	 0.00779	 10484538
1716	 0.00786	 10484760
1718	 0.00800	 10484954
1720	 0.00794	 10485120
1722	 0.00812	 10485258
1724	 0.00803	 10485368
1726	 0.00798	 10485450
1728	 0.00783	 10485504
1730	 0.00796	 10485530
1732	 0.00781	 10485528
1734	 0.00786	 10485498
1736	 0.00788	 10485440
1738	 0.00785	 10485354
1740	 0.00794	 10485240
1742	 0.00791	 10485098
1744	 0.00789	 10484928
1746	 0.00796	 10484730
1748	 0.00786	 10484504
1750	 0.00785	 10484250
1752	 0.00786	 10485720
1754	 0.00780	 10485412
1756	 0.00786	 10485076
1758	 0.00783	 10484712
1760	 0.00787	 10484320
1762	 0.00794	 10485662
1764	 0.00782	 10485216
1766	 0.00769	 10484742
1768	 0.00788	 10484240
1770	 0.00786	 10485480
1772	 0.00772	 10484924
1774	 0.00788	 10484340
1776	 0.00749	 10485504
1778	 0.00784	 10484866
1780	 0.00779	 10484200
1782	 0.00768	 10485288
1784	 0.00772	 10484568
1786	 0.00781	 10485606
1788	 0.00790	 10484832
1790	 0.00787	 10484030
1792	 0.00788	 10484992
1794	 0.00797	 10484136
1796	 0.00776	 10485048
1798	 0.00775	 10484138
1800	 0.00813	 10485000
1802	 0.00788	 10484036
1804	 0.00783	 10484848
1806	 0.00791	 10485636
1808	 0.00820	 10484592
1810	 0.00810	 10485330
1812	 0.00782	 10484232
1814	 0.00764	 10484920
1816	 0.00784	 10485584
1818	 0.00776	 10484406
1820	 0.00792	 10485020
1822	 0.00787	 10485610
1824	 0.00783	 10484352
1826	 0.00785	 10484892
1828	 0.00780	 10485408
1830	 0.00776	 10484070
1832	 0.00788	 10484536
1834	 0.00770	 10484978
1836	 0.00787	 10485396
1838	 0.00781	 10483952
1840	 0.00785	 10484320
1842	 0.00776	 10484664
1844	 0.00768	 10484984
1846	 0.00767	 10485280
1848	 0.00773	 10485552
1850	 0.00789	 10483950
1852	 0.00778	 10484172
1854	 0.00788	 10484370
1856	 0.00783	 10484544
1858	 0.00784	 10484694
1860	 0.00780	 10484820
1862	 0.00784	 10484922
1864	 0.00791	 10485000
1866	 0.00800	 10485054
1868	 0.00789	 10485084
1870	 0.00789	 10485090
1872	 0.00781	 10485072
1874	 0.00799	 10485030
1876	 0.00774	 10484964
1878	 0.00776	 10484874
1880	 0.00789	 10484760
1882	 0.00785	 10484622
1884	 0.00788	 10484460
1886	 0.00785	 10484274
1888	 0.00788	 10484064
1890	 0.00767	 10485720
1892	 0.00789	 10485464
1894	 0.00766	 10485184
1896	 0.00801	 10484880
1898	 0.00784	 10484552
1900	 0.00800	 10484200
1902	 0.00785	 10485726
1904	 0.00780	 10485328
1906	 0.00776	 10484906
1908	 0.00797	 10484460
1910	 0.00791	 10483990
1912	 0.00789	 10485408
1914	 0.00777	 10484892
1916	 0.00774	 10484352
1918	 0.00783	 10485706
1920	 0.00762	 10485120
1922	 0.00792	 10484510
1924	 0.00783	 10483876
1926	 0.00775	 10485144
1928	 0.00784	 10484464
1930	 0.00785	 10485690
1932	 0.00783	 10484964
1934	 0.00785	 10484214
1936	 0.00780	 10485376
1938	 0.00795	 10484580
1940	 0.00872	 10485700
1942	 0.00792	 10484858
1944	 0.00790	 10483992
1946	 0.00745	 10485048
1948	 0.00786	 10484136
1950	 0.00801	 10485150
1952	 0.00796	 10484192
1954	 0.00747	 10485164
1956	 0.00775	 10484160
1958	 0.00798	 10485090
1960	 0.00772	 10484040
1962	 0.00764	 10484928
1964	 0.00773	 10483832
1966	 0.00786	 10484678
1968	 0.00786	 10485504
1970	 0.00779	 10484340
1972	 0.00774	 10485124
1974	 0.00766	 10483914
1976	 0.00764	 10484656
1978	 0.00754	 10485378
1980	 0.00766	 10484100
1982	 0.00767	 10484780
1984	 0.00770	 10485440
1986	 0.00760	 10484094
1988	 0.00763	 10484712
1990	 0.00767	 10485310
1992	 0.00777	 10483896
1994	 0.00753	 10484452
1996	 0.00761	 10484988
1998	 0.00770	 10485504
2000	 0.00752	 10484000
2002	 0.00775	 10484474
2004	 0.00766	 10484928
2006	 0.00760	 10485362
2008	 0.00758	 10483768
2010	 0.00777	 10484160
2012	 0.00765	 10484532
2014	 0.00766	 10484884
2016	 0.00763	 10485216
2018	 0.00757	 10485528
2020	 0.00766	 10483800
2022	 0.00767	 10484070
2024	 0.00763	 10484320
2026	 0.00768	 10484550
2028	 0.00768	 10484760
2030	 0.00765	 10484950
2032	 0.00760	 10485120
2034	 0.00751	 10485270
2036	 0.00768	 10485400
2038	 0.00751	 10485510
2040	 0.00755	 10485600
2042	 0.00760	 10485670
2044	 0.00740	 10485720
2046	 0.00747	 10485750
2048	 0.00745	 10485760
2050	 0.00756	 10485750
2052	 0.00758	 10485720
2054	 0.00761	 10485670
2056	 0.00756	 10485600
2058	 0.00760	 10485510
2060	 0.00747	 10485400
2062	 0.00742	 10485270
2064	 0.00771	 10485120
2066	 0.00769	 10484950
2068	 0.00859	 10484760
2070	 0.00898	 10484550
2072	 0.00775	 10484320
2074	 0.00783	 10484070
2076	 0.00774	 10483800
2078	 0.00783	 10485588
2080	 0.00775	 10485280
2082	 0.00777	 10484952
2084	 0.00781	 10484604
2086	 0.00778	 10484236
2088	 0.00782	 10483848
2090	 0.00766	 10485530
2092	 0.00783	 10485104
2094	 0.00788	 10484658
2096	 0.00787	 10484192
2098	 0.00778	 10483706
2100	 0.00786	 10485300
2102	 0.00760	 10484776
2104	 0.00785	 10484232
2106	 0.00791	 10483668
2108	 0.00795	 10485192
2110	 0.00756	 10484590
2112	 0.00785	 10483968
2114	 0.00767	 10485440
2116	 0.00776	 10484780
2118	 0.00770	 10484100
2120	 0.00780	 10485520
2122	 0.00759	 10484802
2124	 0.00763	 10484064
2126	 0.00774	 10485432
2128	 0.00758	 10484656
2130	 0.00766	 10483860
2132	 0.00773	 10485176
2134	 0.00767	 10484342
2136	 0.00757	 10485624
2138	 0.00763	 10484752
2140	 0.00769	 10483860
2142	 0.00756	 10485090
2144	 0.00773	 10484160
2146	 0.00764	 10485356
2148	 0.00775	 10484388
2150	 0.00769	 10485550
2152	 0.00794	 10484544
2154	 0.00775	 10485672
2156	 0.00780	 10484628
2158	 0.00750	 10485722
2160	 0.00781	 10484640
2162	 0.00788	 10485700
2164	 0.00766	 10484580
2166	 0.00761	 10485606
2168	 0.00779	 10484448
2170	 0.00768	 10485440
2172	 0.00759	 10484244
2174	 0.00768	 10485202
2176	 0.00765	 10483968
2178	 0.00758	 10484892
2180	 0.00747	 10483620
2182	 0.00759	 10484510
2184	 0.00760	 10485384
2186	 0.00758	 10484056
2188	 0.00767	 10484896
2190	 0.00777	 10485720
2192	 0.00747	 10484336
2194	 0.00766	 10485126
2196	 0.00758	 10483704
2198	 0.00804	 10484460
2200	 0.00768	 10485200
2202	 0.00765	 10483722
2204	 0.00767	 10484428
2206	 0.00765	 10485118
2208	 0.00761	 10483584
2210	 0.00760	 10484240
2212	 0.00756	 10484880
2214	 0.00766	 10485504
2216	 0.00781	 10483896
2218	 0.00763	 10484486
2220	 0.00763	 10485060
2222	 0.00774	 10485618
2224	 0.00764	 10483936
2226	 0.00757	 10484460
2228	 0.00761	 10484968
2230	 0.00765	 10485460
2232	 0.00757	 10483704
2234	 0.00742	 10484162
2236	 0.00755	 10484604
2238	 0.00753	 10485030
2240	 0.00753	 10485440
2242	 0.00759	 10483592
2244	 0.00759	 10483968
2246	 0.00763	 10484328
2248	 0.00760	 10484672
2250	 0.00757	 10485000
2252	 0.00768	 10485312
2254	 0.00758	 10485608
2256	 0.00770	 10483632
2258	 0.00773	 10483894
2260	 0.00769	 10484140
2262	 0.00749	 10484370
2264	 0.00780	 10484584
2266	 0.00750	 10484782
2268	 0.00770	 10484964
2270	 0.00744	 10485130
2272	 0.00747	 10485280
2274	 0.00751	 10485414
2276	 0.00738	 10485532
2278	 0.00750	 10485634
2280	 0.00751	 10485720
2282	 0.00762	 10483508
2284	 0.00751	 10483560
2286	 0.00760	 10483596
2288	 0.00744	 10483616
2290	 0.00769	 10483620
2292	 0.00762	 10483608
2294	 0.00752	 10483580
2296	 0.00751	 10483536
2298	 0.00747	 10483476
2300	 0.00770	 10485700
2302	 0.00752	 10485610
2304	 0.00752	 10485504
2306	 0.00756	 10485382
2308	 0.00745	 10485244
2310	 0.00754	 10485090
2312	 0.00762	 10484920
2314	 0.00753	 10484734
2316	 0.00736	 10484532
2318	 0.00756	 10484314
2320	 0.00812	 10484080
2322	 0.00967	 10483830
2324	 0.00994	 10483564
2326	 0.00987	 10485608
2328	 0.00881	 10485312
2330	 0.00864	 10485000
2332	 0.00778	 10484672
2334	 0.00739	 10484328
2336	 0.00777	 10483968
2338	 0.00769	 10483592
2340	 0.00764	 10485540
2342	 0.00726	 10485134
2344	 0.00756	 10484712
2346	 0.00747	 10484274
2348	 0.00740	 10483820
2350	 0.00747	 10485700
2352	 0.00750	 10485216
2354	 0.00747	 10484716
2356	 0.00745	 10484200
2358	 0.00738	 10483668
2360	 0.00748	 10485480
2362	 0.00730	 10484918
2364	 0.00743	 10484340
2366	 0.00740	 10483746
2368	 0.00731	 10485504
2370	 0.00741	 10484880
2372	 0.00732	 10484240
2374	 0.00726	 10483584
2376	 0.00740	 10485288
2378	 0.00740	 10484602
2380	 0.00737	 10483900
2382	 0.00732	 10485564
2384	 0.00759	 10484832
2386	 0.00742	 10484084
2388	 0.00736	 10485708
2390	 0.00743	 10484930
2392	 0.00739	 10484136
2394	 0.00759	 10485720
2396	 0.00743	 10484896
2398	 0.00735	 10484056
2400	 0.00729	 10485600
2402	 0.00727	 10484730
2404	 0.00741	 10483844
2406	 0.00731	 10485348
2408	 0.00733	 10484432
2410	 0.00736	 10483500
2412	 0.00739	 10484964
2414	 0.00724	 10484002
2416	 0.00732	 10485440
2418	 0.00757	 10484448
2420	 0.00737	 10483440
2422	 0.00759	 10484838
2424	 0.00747	 10483800
2426	 0.00773	 10485172
2428	 0.00728	 10484104
2430	 0.00727	 10485450
2432	 0.00724	 10484352
2434	 0.00743	 10485672
2436	 0.00718	 10484544
2438	 0.00737	 10483400
2440	 0.00736	 10484680
2442	 0.00726	 10483506
2444	 0.00749	 10484760
2446	 0.00730	 10483556
2448	 0.00752	 10484784
2450	 0.00732	 10483550
2452	 0.00748	 10484752
2454	 0.00749	 10483488
2456	 0.00734	 10484664
2458	 0.00735	 10483370
2460	 0.00769	 10484520
2462	 0.00754	 10485658
2464	 0.00754	 10484320
2466	 0.00743	 10485432
2468	 0.00736	 10484064
2470	 0.00750	 10485150
2472	 0.00741	 10483752
2474	 0.00732	 10484812
2476	 0.00745	 10483384
2478	 0.00749	 10484418
2480	 0.00739	 10485440
2482	 0.00730	 10483968
2484	 0.00731	 10484964
2486	 0.00717	 10483462
2488	 0.00732	 10484432
2490	 0.00726	 10485390
2492	 0.00757	 10483844
2494	 0.00731	 10484776
2496	 0.00724	 10485696
2498	 0.00724	 10484106
2500	 0.00732	 10485000
2502	 0.00732	 10483380
2504	 0.00749	 10484248
2506	 0.00727	 10485104
2508	 0.00718	 10483440
2510	 0.00722	 10484270
2512	 0.00726	 10485088
2514	 0.00714	 10483380
2516	 0.00746	 10484172
2518	 0.00720	 10484952
2520	 0.00715	 10485720
2522	 0.00730	 10483954
2524	 0.00715	 10484696
2526	 0.00803	 10485426
2528	 0.00733	 10483616
2530	 0.00747	 10484320
2532	 0.00735	 10485012
2534	 0.00748	 10485692
2536	 0.00751	 10483824
2538	 0.00748	 10484478
2540	 0.00736	 10485120
2542	 0.00742	 10485750
2544	 0.00729	 10483824
2546	 0.00739	 10484428
2548	 0.00742	 10485020
2550	 0.00718	 10485600
2552	 0.00729	 10483616
2554	 0.00725	 10484170
2556	 0.00736	 10484712
2558	 0.00709	 10485242
2560	 0.00744	 10485760
2562	 0.00755	 10483704
2564	 0.00724	 10484196
2566	 0.00732	 10484676
2568	 0.00727	 10485144
2570	 0.00730	 10485600
2572	 0.00719	 10483472
2574	 0.00740	 10483902
2576	 0.00734	 10484320
2578	 0.00793	 10484726
2580	 0.00749	 10485120
2582	 0.00726	 10485502
2584	 0.00751	 10483288
2586	 0.00719	 10483644
2588	 0.00750	 10483988
2590	 0.00733	 10484320
2592	 0.00728	 10484640
2594	 0.00726	 10484948
2596	 0.00731	 10485244
2598	 0.00704	 10485528
2600	 0.00746	 10483200
2602	 0.00972	 10483458
2604	 0.00747	 10483704
2606	 0.00754	 10483938
2608	 0.00730	 10484160
2610	 0.00723	 10484370
2612	 0.00731	 10484568
2614	 0.00732	 10484754
2616	 0.00723	 10484928
2618	 0.00713	 10485090
2620	 0.00728	 10485240
2622	 0.00731	 10485378
2624	 0.00718	 10485504
2626	 0.00728	 10485618
2628	 0.00715	 10485720
2630	 0.00712	 10483180
2632	 0.00724	 10483256
2634	 0.00731	 10483320
2636	 0.00734	 10483372
2638	 0.00736	 10483412
2640	 0.00734	 10483440
2642	 0.00729	 10483456
2644	 0.00736	 10483460
2646	 0.00746	 10483452
2648	 0.00726	 10483432
2650	 0.00729	 10483400
2652	 0.00734	 10483356
2654	 0.00720	 10483300
2656	 0.00730	 10483232
2658	 0.00737	 10483152
2660	 0.00747	 10485720
2662	 0.00748	 10485618
2664	 0.00771	 10485504
2666	 0.00779	 10485378
2668	 0.00755	 10485240
2670	 0.00745	 10485090
2672	 0.00749	 10484928
2674	 0.00756	 10484754
2676	 0.00748	 10484568
2678	 0.00764	 10484370
2680	 0.00754	 10484160
2682	 0.00746	 10483938
2684	 0.00747	 10483704
2686	 0.00751	 10483458
2688	 0.00749	 10483200
2690	 0.00761	 10485620
2692	 0.00753	 10485340
2694	 0.00764	 10485048
2696	 0.00764	 10484744
2698	 0.00754	 10484428
2700	 0.00775	 10484100
2702	 0.00731	 10483760
2704	 0.00755	 10483408
2706	 0.00741	 10485750
2708	 0.00771	 10485376
2710	 0.00758	 10484990
2712	 0.00762	 10484592
2714	 0.00773	 10484182
2716	 0.00732	 10483760
2718	 0.00754	 10483326
2720	 0.00756	 10485600
2722	 0.00756	 10485144
2724	 0.00743	 10484676
2726	 0.00755	 10484196
2728	 0.00813	 10483704
2730	 0.00853	 10483200
2732	 0.00733	 10485416
2734	 0.00796	 10484890
2736	 0.00751	 10484352
2738	 0.00787	 10483802
2740	 0.00770	 10483240
2742	 0.00764	 10485408
2744	 0.00749	 10484824
2746	 0.00765	 10484228
2748	 0.00770	 10483620
2750	 0.00776	 10485750
2752	 0.00763	 10485120
2754	 0.00767	 10484478
2756	 0.00748	 10483824
2758	 0.00752	 10483158
2760	 0.00749	 10485240
2762	 0.00758	 10484552
2764	 0.00757	 10483852
2766	 0.00755	 10483140
2768	 0.00754	 10485184
2770	 0.00759	 10484450
2772	 0.00757	 10483704
2774	 0.00767	 10485720
2776	 0.00758	 10484952
2778	 0.00761	 10484172
2780	 0.00760	 10483380
2782	 0.00840	 10485358
2784	 0.00762	 10484544
2786	 0.00760	 10483718
2788	 0.00748	 10485668
2790	 0.00756	 10484820
2792	 0.00770	 10483960
2794	 0.00763	 10483088
2796	 0.00764	 10485000
2798	 0.00747	 10484106
2800	 0.00752	 10483200
2802	 0.00761	 10485084
2804	 0.00751	 10484156
2806	 0.00762	 10483216
2808	 0.00749	 10485072
2810	 0.00749	 10484110
2812	 0.00757	 10483136
2814	 0.00746	 10484964
2816	 0.00749	 10483968
2818	 0.00756	 10482960
2820	 0.00755	 10484760
2822	 0.00751	 10483730
2824	 0.00753	 10485512
2826	 0.00756	 10484460
2828	 0.00746	 10483396
2830	 0.00753	 10485150
2832	 0.00748	 10484064
2834	 0.00758	 10482966
2836	 0.00779	 10484692
2838	 0.00747	 10483572
2840	 0.00749	 10485280
2842	 0.00732	 10484138
2844	 0.00760	 10482984
2846	 0.00759	 10484664
2848	 0.00752	 10483488
2850	 0.00747	 10485150
2852	 0.00759	 10483952
2854	 0.00768	 10485596
2856	 0.00774	 10484376
2858	 0.00748	 10483144
2860	 0.00747	 10484760
2862	 0.00748	 10483506
2864	 0.00762	 10485104
2866	 0.00764	 10483828
2868	 0.00746	 10485408
2870	 0.01012	 10484110
2872	 0.00755	 10485672
2874	 0.00758	 10484352
2876	 0.00761	 10483020
2878	 0.00832	 10484554
2880	 0.00754	 10483200
2882	 0.00746	 10484716
2884	 0.00742	 10483340
2886	 0.00750	 10484838
2888	 0.00746	 10483440
2890	 0.00753	 10484920
2892	 0.00737	 10483500
2894	 0.00740	 10484962
2896	 0.00792	 10483520
2898	 0.00733	 10484964
2900	 0.00767	 10483500
2902	 0.00745	 10484926
2904	 0.00765	 10483440
2906	 0.00729	 10484848
2908	 0.00754	 10483340
2910	 0.00738	 10484730
2912	 0.00740	 10483200
2914	 0.00745	 10484572
2916	 0.00740	 10483020
2918	 0.00743	 10484374
2920	 0.00744	 10485720
2922	 0.00755	 10484136
2924	 0.00748	 10485464
2926	 0.00744	 10483858
2928	 0.00736	 10485168
2930	 0.00744	 10483540
2932	 0.00734	 10484832
2934	 0.00732	 10483182
2936	 0.00735	 10484456
2938	 0.00743	 10485722
2940	 0.00777	 10484040
2942	 0.00743	 10485288
2944	 0.00744	 10483584
2946	 0.00733	 10484814
2948	 0.00730	 10483088
2950	 0.00740	 10484300
2952	 0.00736	 10485504
2954	 0.00744	 10483746
2956	 0.00738	 10484932
2958	 0.00739	 10483152
2960	 0.00730	 10484320
2962	 0.00731	 10485480
2964	 0.00724	 10483668
2966	 0.00728	 10484810
2968	 0.00736	 10482976
2970	 0.00731	 10484100
2972	 0.00735	 10485216
2974	 0.00745	 10483350
2976	 0.00737	 10484448
2978	 0.00730	 10485538
2980	 0.00729	 10483640
2982	 0.00740	 10484712
2984	 0.00736	 10482792
2986	 0.00734	 10483846
2988	 0.00734	 10484892
2990	 0.00730	 10482940
2992	 0.00765	 10483968
2994	 0.00780	 10484988
2996	 0.00726	 10483004
2998	 0.00732	 10484006
3000	 0.00728	 10485000
3002	 0.00734	 10482984
3004	 0.00724	 10483960
3006	 0.00722	 10484928
3008	 0.00731	 10482880
3010	 0.00735	 10483830
3012	 0.00741	 10484772
3014	 0.00721	 10485706
3016	 0.00722	 10483616
3018	 0.00716	 10484532
3020	 0.00726	 10485440
3022	 0.00728	 10483318
3024	 0.00723	 10484208
3026	 0.00759	 10485090
3028	 0.00739	 10482936
3030	 0.00741	 10483800
3032	 0.00717	 10484656
3034	 0.00720	 10485504
3036	 0.00715	 10483308
3038	 0.00723	 10484138
3040	 0.00726	 10484960
3042	 0.00731	 10482732
3044	 0.00734	 10483536
3046	 0.00726	 10484332
3048	 0.00720	 10485120
3050	 0.00750	 10482850
3052	 0.00729	 10483620
3054	 0.00736	 10484382
3056	 0.00712	 10485136
3058	 0.00759	 10482824
3060	 0.00724	 10483560
3062	 0.00745	 10484288
3064	 0.00735	 10485008
3066	 0.00754	 10485720
3068	 0.00732	 10483356
3070	 0.00774	 10484050
3072	 0.00752	 10484736
3074	 0.00749	 10485414
3076	 0.00745	 10483008
3078	 0.00735	 10483668
3080	 0.00754	 10484320
3082	 0.00736	 10484964
3084	 0.01329	 10485600
3086	 0.00720	 10483142
3088	 0.00717	 10483760
3090	 0.00723	 10484370
3092	 0.00725	 10484972
3094	 0.00732	 10485566
3096	 0.00731	 10483056
3098	 0.00721	 10483632
3100	 0.00721	 10484200
3102	 0.00724	 10484760
3104	 0.00716	 10485312
3106	 0.00720	 10482750
3108	 0.00717	 10483284
3110	 0.00707	 10483810
3112	 0.00807	 10484328
3114	 0.00728	 10484838
3116	 0.00731	 10485340
3118	 0.00714	 10482716
3120	 0.00736	 10483200
3122	 0.00730	 10483676
3124	 0.00732	 10484144
3126	 0.00714	 10484604
3128	 0.00773	 10485056
3130	 0.00733	 10485500
3132	 0.00730	 10482804
3134	 0.00746	 10483230
3136	 0.00739	 10483648
3138	 0.00772	 10484058
3140	 0.00778	 10484460
3142	 0.00771	 10484854
3144	 0.00734	 10485240
3146	 0.00747	 10485618
3148	 0.00743	 10482840
3150	 0.00744	 10483200
3152	 0.00745	 10483552
3154	 0.00741	 10483896
3156	 0.00743	 10484232
3158	 0.00757	 10484560
3160	 0.00759	 10484880
3162	 0.00736	 10485192
3164	 0.00770	 10485496
3166	 0.00732	 10482626
3168	 0.00746	 10482912
3170	 0.00734	 10483190
3172	 0.00735	 10483460
3174	 0.00747	 10483722
3176	 0.00739	 10483976
3178	 0.00787	 10484222
3180	 0.00738	 10484460
3182	 0.00739	 10484690
3184	 0.00746	 10484912
3186	 0.00750	 10485126
3188	 0.00744	 10485332
3190	 0.00736	 10485530
3192	 0.00755	 10485720
3194	 0.00752	 10482708
3196	 0.00759	 10482880
3198	 0.00737	 10483044
3200	 0.00749	 10483200
3202	 0.00737	 10483348
3204	 0.00748	 10483488
3206	 0.00759	 10483620
3208	 0.00773	 10483744
3210	 0.00748	 10483860
3212	 0.00749	 10483968
3214	 0.00754	 10484068
3216	 0.00734	 10484160
3218	 0.00756	 10484244
3220	 0.00768	 10484320
3222	 0.00755	 10484388
3224	 0.00748	 10484448
3226	 0.00764	 10484500
3228	 0.00763	 10484544
3230	 0.00749	 10484580
3232	 0.00748	 10484608
3234	 0.00736	 10484628
3236	 0.00740	 10484640
3238	 0.00739	 10484644
3240	 0.00745	 10484640
3242	 0.00736	 10484628
3244	 0.00767	 10484608
3246	 0.00750	 10484580
3248	 0.00748	 10484544
3250	 0.00732	 10484500
3252	 0.00750	 10484448
3254	 0.00741	 10484388
3256	 0.00733	 10484320
3258	 0.00746	 10484244
3260	 0.00908	 10484160
3262	 0.00835	 10484068
3264	 0.00742	 10483968
3266	 0.00747	 10483860
3268	 0.00737	 10483744
3270	 0.00739	 10483620
3272	 0.00743	 10483488
3274	 0.00760	 10483348
3276	 0.00747	 10483200
3278	 0.00736	 10483044
3280	 0.00756	 10482880
3282	 0.00743	 10482708
3284	 0.00744	 10482528
3286	 0.00735	 10485626
3288	 0.00741	 10485432
3290	 0.00739	 10485230
3292	 0.00746	 10485020
3294	 0.00756	 10484802
3296	 0.00717	 10484576
3298	 0.00748	 10484342
3300	 0.00742	 10484100
3302	 0.00741	 10483850
3304	 0.00743	 10483592
3306	 0.00783	 10483326
3308	 0.00755	 10483052
3310	 0.00733	 10482770
3312	 0.00738	 10482480
3314	 0.00736	 10485496
3316	 0.00802	 10485192
3318	 0.00726	 10484880
3320	 0.00739	 10484560
3322	 0.00726	 10484232
3324	 0.00730	 10483896
3326	 0.00753	 10483552
3328	 0.00766	 10483200
3330	 0.00730	 10482840
3332	 0.00739	 10482472
3334	 0.00748	 10485430
3336	 0.00735	 10485048
3338	 0.00736	 10484658
3340	 0.00745	 10484260
3342	 0.00744	 10483854
3344	 0.00747	 10483440
3346	 0.00742	 10483018
3348	 0.00764	 10482588
3350	 0.00735	 10485500
3352	 0.00749	 10485056
3354	 0.00739	 10484604
3356	 0.00730	 10484144
3358	 0.00736	 10483676
3360	 0.00740	 10483200
3362	 0.00737	 10482716
3364	 0.00742	 10485588
3366	 0.00839	 10485090
3368	 0.00743	 10484584
3370	 0.00724	 10484070
3372	 0.00731	 10483548
3374	 0.00728	 10483018
3376	 0.00728	 10482480
3378	 0.00749	 10485312
3380	 0.00738	 10484760
3382	 0.00732	 10484200
3384	 0.00722	 10483632
3386	 0.00728	 10483056
3388	 0.00725	 10482472
3390	 0.00724	 10485270
3392	 0.00770	 10484672
3394	 0.00735	 10484066
3396	 0.00735	 10483452
3398	 0.00742	 10482830
3400	 0.00731	 10485600
3402	 0.00732	 10484964
3404	 0.00731	 10484320
3406	 0.00746	 10483668
3408	 0.00733	 10483008
3410	 0.00845	 10485750
3412	 0.00977	 10485076
3414	 0.00739	 10484394
3416	 0.00722	 10483704
3418	 0.00745	 10483006
3420	 0.00746	 10485720
3422	 0.00743	 10485008
3424	 0.00759	 10484288
3426	 0.00744	 10483560
3428	 0.00734	 10482824
3430	 0.00740	 10485510
3432	 0.00742	 10484760
3434	 0.00737	 10484002
3436	 0.00745	 10483236
3438	 0.00753	 10482462
3440	 0.00745	 10485120
3442	 0.00745	 10484332
3444	 0.00748	 10483536
3446	 0.00754	 10482732
3448	 0.00740	 10485368
3450	 0.00738	 10484550
3452	 0.00737	 10483724
3454	 0.00727	 10482890
3456	 0.00769	 10485504
3458	 0.00741	 10484656
3460	 0.00736	 10483800
3462	 0.00755	 10482936
3464	 0.00755	 10485528
3466	 0.00748	 10484650
3468	 0.00737	 10483764
3470	 0.00736	 10482870
3472	 0.00738	 10485440
3474	 0.00752	 10484532
3476	 0.00762	 10483616
3478	 0.00744	 10482692
3480	 0.00733	 10485240
3482	 0.00732	 10484302
3484	 0.00750	 10483356
3486	 0.00726	 10482402
3488	 0.00734	 10484928
3490	 0.00757	 10483960
3492	 0.00741	 10482984
3494	 0.00735	 10485494
3496	 0.00742	 10484504
3498	 0.00732	 10483506
3500	 0.00768	 10482500
3502	 0.00754	 10484988
3504	 0.00749	 10483968
3506	 0.00738	 10482940
3508	 0.00743	 10485412
3510	 0.00750	 10484370
3512	 0.00751	 10483320
3514	 0.00728	 10482262
3516	 0.00749	 10484712
3518	 0.00732	 10483640
3520	 0.00749	 10482560
3522	 0.00740	 10484994
3524	 0.00730	 10483900
3526	 0.00742	 10482798
3528	 0.00772	 10485216
3530	 0.00769	 10484100
3532	 0.00741	 10482976
3534	 0.00759	 10485378
3536	 0.00752	 10484240
3538	 0.00773	 10483094
3540	 0.00741	 10485480
3542	 0.00805	 10484320
3544	 0.00760	 10483152
3546	 0.00768	 10485522
3548	 0.00753	 10484340
3550	 0.00759	 10483150
3552	 0.00764	 10485504
3554	 0.00756	 10484300
3556	 0.00763	 10483088
3558	 0.00771	 10485426
3560	 0.00768	 10484200
3562	 0.00770	 10482966
3564	 0.00773	 10485288
3566	 0.00774	 10484040
3568	 0.00773	 10482784
3570	 0.00768	 10485090
3572	 0.00766	 10483820
3574	 0.00781	 10482542
3576	 0.00767	 10484832
3578	 0.00787	 10483540
3580	 0.00768	 10482240
3582	 0.00790	 10484514
3584	 0.00801	 10483200
3586	 0.00785	 10485464
3588	 0.00772	 10484136
3590	 0.00790	 10482800
3592	 0.00785	 10485048
3594	 0.00791	 10483698
3596	 0.00776	 10482340
3598	 0.00792	 10484572
3600	 0.00779	 10483200
3602	 0.00783	 10485422
3604	 0.00779	 10484036
3606	 0.00778	 10482642
3608	 0.00804	 10484848
3610	 0.00799	 10483440
3612	 0.00789	 10485636
3614	 0.00786	 10484214
3616	 0.00789	 10482784
3618	 0.00781	 10484964
3620	 0.00802	 10483520
3622	 0.00791	 10485690
3624	 0.00823	 10484232
3626	 0.00793	 10482766
3628	 0.00800	 10484920
3630	 0.00794	 10483440
3632	 0.00798	 10485584
3634	 0.00786	 10484090
3636	 0.00790	 10482588
3638	 0.00778	 10484716
3640	 0.00789	 10483200
3642	 0.00780	 10485318
3644	 0.00785	 10483788
3646	 0.00783	 10482250
3648	 0.00833	 10484352
3650	 0.00805	 10482800
3652	 0.00788	 10484892
3654	 0.00800	 10483326
3656	 0.00795	 10485408
3658	 0.00787	 10483828
3660	 0.00800	 10482240
3662	 0.00792	 10484306
3664	 0.00796	 10482704
3666	 0.00792	 10484760
3668	 0.00778	 10483144
3670	 0.00800	 10485190
3672	 0.00791	 10483560
3674	 0.00837	 10485596
3676	 0.00825	 10483952
3678	 0.00795	 10482300
3680	 0.00783	 10484320
3682	 0.00792	 10482654
3684	 0.00785	 10484664
3686	 0.00800	 10482984
3688	 0.00794	 10484984
3690	 0.00799	 10483290
3692	 0.00784	 10485280
3694	 0.00780	 10483572
3696	 0.00792	 10485552
3698	 0.00801	 10483830
3700	 0.00793	 10482100
3702	 0.00783	 10484064
3704	 0.00801	 10482320
3706	 0.00804	 10484274
3708	 0.00785	 10482516
3710	 0.00781	 10484460
3712	 0.00790	 10482688
3714	 0.00791	 10484622
3716	 0.00803	 10482836
3718	 0.00760	 10484760
3720	 0.00768	 10482960
3722	 0.00804	 10484874
3724	 0.00770	 10483060
3726	 0.00785	 10484964
3728	 0.00784	 10483136
3730	 0.00766	 10485030
3732	 0.00773	 10483188
3734	 0.00789	 10485072
3736	 0.00765	 10483216
3738	 0.00771	 10485090
3740	 0.00761	 10483220
3742	 0.00784	 10485084
3744	 0.00761	 10483200
3746	 0.00806	 10485054
3748	 0.00774	 10483156
3750	 0.00782	 10485000
3752	 0.00766	 10483088
3754	 0.00801	 10484922
3756	 0.00762	 10482996
3758	 0.00777	 10484820
3760	 0.00776	 10482880
3762	 0.00767	 10484694
3764	 0.00782	 10482740
3766	 0.00762	 10484544
3768	 0.00827	 10482576
3770	 0.00753	 10484370
3772	 0.00766	 10482388
3774	 0.00757	 10484172
3776	 0.00776	 10482176
3778	 0.00784	 10483950
3780	 0.00779	 10485720
3782	 0.00788	 10483704
3784	 0.00818	 10485464
3786	 0.00764	 10483434
3788	 0.00812	 10485184
3790	 0.00768	 10483140
3792	 0.00771	 10484880
3794	 0.00925	 10482822
3796	 0.00791	 10484552
3798	 0.00778	 10482480
3800	 0.00775	 10484200
3802	 0.00771	 10482114
3804	 0.00760	 10483824
3806	 0.00770	 10485530
3808	 0.00761	 10483424
3810	 0.00779	 10485120
3812	 0.00762	 10483000
3814	 0.00768	 10484686
3816	 0.00764	 10482552
3818	 0.00761	 10484228
3820	 0.00759	 10482080
3822	 0.00774	 10483746
3824	 0.00759	 10485408
3826	 0.00755	 10483240
3828	 0.00774	 10484892
3830	 0.00778	 10482710
3832	 0.00773	 10484352
3834	 0.00745	 10482156
3836	 0.00778	 10483788
3838	 0.00761	 10485416
3840	 0.00761	 10483200
3842	 0.00759	 10484818
3844	 0.00752	 10482588
3846	 0.00758	 10484196
3848	 0.00765	 10481952
3850	 0.00778	 10483550
3852	 0.00764	 10485144
3854	 0.00765	 10482880
3856	 0.00755	 10484464
3858	 0.00766	 10482186
3860	 0.00761	 10483760
3862	 0.00770	 10485330
3864	 0.00768	 10483032
3866	 0.00770	 10484592
3868	 0.00750	 10482280
3870	 0.00757	 10483830
3872	 0.00777	 10485376
3874	 0.00758	 10483044
3876	 0.00786	 10484580
3878	 0.00762	 10482234
3880	 0.00772	 10483760
3882	 0.00753	 10485282
3884	 0.00764	 10482916
3886	 0.00760	 10484428
3888	 0.00885	 10482048
3890	 0.00753	 10483550
3892	 0.00817	 10485048
3894	 0.00768	 10482648
3896	 0.00773	 10484136
3898	 0.00778	 10485620
3900	 0.00776	 10483200
3902	 0.00770	 10484674
3904	 0.00775	 10482240
3906	 0.00774	 10483704
3908	 0.00772	 10485164
3910	 0.00777	 10482710
3912	 0.00795	 10484160
3914	 0.00776	 10485606
3916	 0.00773	 10483132
3918	 0.00767	 10484568
3920	 0.00770	 10482080
3922	 0.00767	 10483506
3924	 0.00774	 10484928
3926	 0.00771	 10482420
3928	 0.00772	 10483832
3930	 0.00775	 10485240
3932	 0.00772	 10482712
3934	 0.01094	 10484110
3936	 0.00790	 10485504
3938	 0.00788	 10482956
3940	 0.00767	 10484340
3942	 0.00764	 10485720
3944	 0.00789	 10483152
3946	 0.00767	 10484522
3948	 0.00773	 10481940
3950	 0.00772	 10483300
3952	 0.00773	 10484656
3954	 0.00759	 10482054
3956	 0.00774	 10483400
3958	 0.00771	 10484742
3960	 0.00776	 10482120
3962	 0.00764	 10483452
3964	 0.00771	 10484780
3966	 0.00769	 10482138
3968	 0.00771	 10483456
3970	 0.00775	 10484770
3972	 0.00767	 10482108
3974	 0.00768	 10483412
3976	 0.00779	 10484712
3978	 0.00795	 10482030
3980	 0.00767	 10483320
3982	 0.00779	 10484606
3984	 0.00777	 10481904
3986	 0.00784	 10483180
3988	 0.00776	 10484452
3990	 0.00778	 10485720
3992	 0.00788	 10482992
3994	 0.00827	 10484250
3996	 0.00773	 10485504
3998	 0.00781	 10482756
4000	 0.00779	 10484000
4002	 0.00781	 10485240
4004	 0.00788	 10482472
4006	 0.00778	 10483702
4008	 0.00787	 10484928
4010	 0.00790	 10482140
4012	 0.00790	 10483356
4014	 0.00782	 10484568
4016	 0.00797	 10481760
4018	 0.00786	 10482962
4020	 0.00791	 10484160
4022	 0.00784	 10485354
4024	 0.00792	 10482520
4026	 0.00794	 10483704
4028	 0.00783	 10484884
4030	 0.00782	 10482030
4032	 0.00788	 10483200
4034	 0.00789	 10484366
4036	 0.00799	 10485528
4038	 0.00799	 10482648
4040	 0.00819	 10483800
4042	 0.00812	 10484948
4044	 0.00772	 10482048
4046	 0.00798	 10483186
4048	 0.00780	 10484320
4050	 0.00799	 10485450
4052	 0.00780	 10482524
4054	 0.00779	 10483644
4056	 0.00817	 10484760
4058	 0.00781	 10481814
4060	 0.00768	 10482920
4062	 0.00797	 10484022
4064	 0.00767	 10485120
4066	 0.00775	 10482148
4068	 0.00762	 10483236
4070	 0.00777	 10484320
4072	 0.00769	 10485400
4074	 0.00759	 10482402
4076	 0.00774	 10483472
4078	 0.00765	 10484538
4080	 0.00769	 10485600
4082	 0.00767	 10482576
4084	 0.00782	 10483628
4086	 0.00764	 10484676
4088	 0.00772	 10485720
4090	 0.00779	 10482670
4092	 0.00789	 10483704
4094	 0.00759	 10484734
4096	 0.00784	 10485760
#	time for all references in sec (7839)
